MultiStackReg Transformation File
File Version 1.0
0
TRANSLATION
Source img: 2 Target img: 1
511.7138946693515	511.05922799096317
0.0	0.0
0.0	0.0

512.0	511.0
0.0	0.0
0.0	0.0

TRANSLATION
Source img: 3 Target img: 1
511.6743795443817	510.95874359437215
0.0	0.0
0.0	0.0

512.0	511.0
0.0	0.0
0.0	0.0

TRANSLATION
Source img: 4 Target img: 1
511.6718324332258	511.37625544129673
0.0	0.0
0.0	0.0

512.0	511.0
0.0	0.0
0.0	0.0

TRANSLATION
Source img: 5 Target img: 1
511.8350211125191	510.973708128584
0.0	0.0
0.0	0.0

512.0	511.0
0.0	0.0
0.0	0.0

TRANSLATION
Source img: 6 Target img: 1
511.79481641844967	510.9127339934434
0.0	0.0
0.0	0.0

512.0	511.0
0.0	0.0
0.0	0.0

TRANSLATION
Source img: 7 Target img: 1
511.7913210435271	511.0067170859409
0.0	0.0
0.0	0.0

512.0	511.0
0.0	0.0
0.0	0.0

TRANSLATION
Source img: 8 Target img: 1
511.711493356508	511.19700764908765
0.0	0.0
0.0	0.0

512.0	511.0
0.0	0.0
0.0	0.0

TRANSLATION
Source img: 9 Target img: 1
511.7887029233186	511.1029744151529
0.0	0.0
0.0	0.0

512.0	511.0
0.0	0.0
0.0	0.0

TRANSLATION
Source img: 10 Target img: 1
511.8467992175944	511.0819896574463
0.0	0.0
0.0	0.0

512.0	511.0
0.0	0.0
0.0	0.0

TRANSLATION
Source img: 11 Target img: 1
511.84445811363406	511.1297537723254
0.0	0.0
0.0	0.0

512.0	511.0
0.0	0.0
0.0	0.0

TRANSLATION
Source img: 12 Target img: 1
511.84027861655693	511.03163498151486
0.0	0.0
0.0	0.0

512.0	511.0
0.0	0.0
0.0	0.0

TRANSLATION
Source img: 13 Target img: 1
511.819142151714	510.94786808451016
0.0	0.0
0.0	0.0

512.0	511.0
0.0	0.0
0.0	0.0

TRANSLATION
Source img: 14 Target img: 1
511.8447218601636	511.12003224722423
0.0	0.0
0.0	0.0

512.0	511.0
0.0	0.0
0.0	0.0

TRANSLATION
Source img: 15 Target img: 1
511.86271414702423	510.963505613697
0.0	0.0
0.0	0.0

512.0	511.0
0.0	0.0
0.0	0.0

TRANSLATION
Source img: 16 Target img: 1
511.8651300507363	510.9487417567042
0.0	0.0
0.0	0.0

512.0	511.0
0.0	0.0
0.0	0.0

TRANSLATION
Source img: 17 Target img: 1
511.88851181329875	510.9878499200026
0.0	0.0
0.0	0.0

512.0	511.0
0.0	0.0
0.0	0.0

TRANSLATION
Source img: 18 Target img: 1
511.85651023129043	511.0888460493172
0.0	0.0
0.0	0.0

512.0	511.0
0.0	0.0
0.0	0.0

TRANSLATION
Source img: 19 Target img: 1
511.86131072693115	510.95058089335413
0.0	0.0
0.0	0.0

512.0	511.0
0.0	0.0
0.0	0.0

TRANSLATION
Source img: 20 Target img: 1
511.9275442271091	510.97751141119846
0.0	0.0
0.0	0.0

512.0	511.0
0.0	0.0
0.0	0.0

TRANSLATION
Source img: 21 Target img: 1
511.8970108372688	511.00041017985825
0.0	0.0
0.0	0.0

512.0	511.0
0.0	0.0
0.0	0.0

TRANSLATION
Source img: 22 Target img: 1
511.921999685418	511.1379468570659
0.0	0.0
0.0	0.0

512.0	511.0
0.0	0.0
0.0	0.0

TRANSLATION
Source img: 23 Target img: 1
511.92645207718977	510.970280627174
0.0	0.0
0.0	0.0

512.0	511.0
0.0	0.0
0.0	0.0

TRANSLATION
Source img: 24 Target img: 1
511.79348203622726	511.0870679327027
0.0	0.0
0.0	0.0

512.0	511.0
0.0	0.0
0.0	0.0

TRANSLATION
Source img: 25 Target img: 1
511.95004260926356	511.0654405573231
0.0	0.0
0.0	0.0

512.0	511.0
0.0	0.0
0.0	0.0

